0
 13,15,11,10,56,17,60,51,49,93,55,36,35,18,118,29,116,109,12,119,117,115,114,94,72,66,62,47,101,92,78,67,65,64,50,30,27,9,108,106,102,100,91,80,77,57,54,41,37,25,24,19,3
0-3
 109,49
0-N
 18
00
 29
00E098032B8C
 92,57
01
 1,2
010
 24
08
 20,1
0:\WINDOWS
 17
0:\WINDOWS\SYSTEM32\CONFIG\SYSTEM
 17
0X
 60,49,24,18
0X0
 11
0X001
 16
0X002
 16
0X004
 16
0X008
 16
0X01
 60
0X010
 16
0X020
 16
0X040
 16
0X080
 16
0X1
 15,11
0X100
 16
0X1234
 119,93
0X1A3C77D1F
 11
0X1B8
 11
0X1BB
 11
0X1F
 109,24
0X200
 16
0X3130
 29
0X400
 16
0X50000
 16
0X50001
 16
0X50002
 16
0X60000
 16
0X60001
 16
0X60002
 16
0X80
 49
0XA3C77D1F
 11
0XD3
 11
0XMMMMMMMM
 16
