O
 60
OBTAIN
 77,54
OBTAINED
 41
OBTAINS
 118,117,116,60,56,55,51,49
OCCUR
 11
OCT
 75
OCT(N
 75
OCTAL
 24,75
OF
 13,49,10,16,15,9,12,11,8,77,60,42,19,103,76,5,73,4,94,72,50,34,29,24,21,17,7,84,69,58,30,23,18,121,105,97,95,91,81,79,64,63,45,41,28,27,25,22,14,6,3,120,113,112,111,110,108,102,101,100,88,87,83,75,71,70,68,62,61,59,54,53,52,48,47,44,43,39,38,33,32,26
OFF
 19,37
OFFICE
 16
OFFSET
 87,29
OLD
 38
OLDNAME
 82
OMIT
 10,18
OMITTED
 121,73,50,41
ON
 11,10,109,18,14,13,92,89,88,45,37,34,17,16,121,118,116,94,86,85,82,81,77,74,72,57,56,51,49,43,42,31,30,27,8,6,5
ONCE
 105,42,16,13,12,5
ONE
 13,25,38,22,9,76,34,23,11,10,7,5,3
ONES
 13
ONLY
 10,8,16,18,4,119,118,117,116,115,114,76,62,15,11,49,14,106,92,89,65,57,50,47,42,17,13,12,9,6,5
OPEN
 13,15,11,76,12,10,19,121,114,93,87,81,71,60,56,55,51,36,35,17,16,14,5,4,119,118,117,116,115,18,8
OPEN("FILE1.TXT
 76
OPEN(NAME
 76
OPENED
 13,76,5,12,10,60
OPENING
 13,76,17,15
OPENS
 76,15
OPERATE
 25
OPERATING
 17,9,3
OPERATION
 41
OPERATIONS
 29,19
OPERATOR
 25
OPERATORS
 25
OPPOSED
 12
OPTION
 18,13,15,94,76,72,19
OPTIONAL
 76,52,50,10,114,94,81,72,49,41,38,35,29,26,13
OPTIONALLY
 107,80,62,16
OPTIONS
 7,18,16,12,10,8,6
OPTION_FLAGS
 94,72
OR
 10,11,49,13,19,5,9,18,4,76,29,25,22,119,108,94,93,72,118,117,115,114,102,92,89,87,81,78,77,59,56,55,36,35,30,23,121,88,86,85,84,82,74,69,66,62,60,50,46,45,43,39,38,37,34,31,12,8,7,3
ORDER
 41,26,5
ORGDISKREF
 10
ORGFILE
 8
ORGPARTREF
 10
ORIGINAL
 10,108
OS
 16,5,3,2,77,19,18,7,6,1
OSS
 10
OSSTAT
 77
OSSTAT("FILENAME
 77
OSSTAT("TESTFILE.TXT
 77
OTHER
 13,11,105,91,62,22,19,16
OTHERWISE
 108,92,90,65,38,16,10
OUT
 76,59,39,30,4
OUTOFSYNC
 49
OUTPUT
 105,109,100,52,8
OUTPUTS
 107,97,52
OUTPUTTING
 105
OUTSIDE
 63,58,34
OVERLAY
 10
OVERVIEW
 21
OVERWRITE
 8,16
OWN
 105
OWNERS
 77
