1
 49,11,10,94,72,29,13,67,77,9,118,78,56,54,8,120,109,104,103,101,76,66,65,47,38,27,18,17,119,117,116,115,114,112,111,108,106,105,102,100,97,93,92,91,73,64,60,55,53,51,45,44,42,41,39,37,36,35,30,23,16,15,5
1,1
 104
1-BASED
 73,64
1.29
 97
1.32
 49
1.42
 5
1.45
 10
1.50
 10
1.51
 49
1.57
 10
1.66
 49
1.72
 10
1.76
 49
10
 54,109,78,62,42,2,1
100
 58,34
11
 54,109,10
11D2
 92,57
12
 54,109,45,20,1
120
 54
1234
 67
123ABC
 67
128GIB
 11
13
 109,54
1394
 54,49
14
 109,54
15
 109,75,61,54,45
16
 92,54,24,18
16-BIT
 92
17
 75,54
18
 54,45
19
 12,54,13
1970
 77
1A
 9
1B
 9
1MIB
 10
1ST
 11
