N
 10,8,49,78,30,27,16,84,71,69,18,121,87,81,76,75,61,32,105,70,67,65,64,54,50,37,28,24
NAME
 49,10,41,117,55,34,13,118,116,96,94,76,72,58,56,54,51,42,27,23,22,19,11,5
NAMED
 13,11,49,23,9
NAMES
 13,49,15,8,92,77,60,18,14
NAMESPACEGUID
 92,57
NATIVE
 19,18,7,4
NATURE
 5
NECESSARY
 17,19,13
NEED
 105,37,21,19,10
NEEDED
 76,16,8
NEEDS
 76,16
NEGATIVE
 25
NETWORK
 54
NEVER
 42
NEW
 15,13,10,29,87,80,79,76,74,62,38,30,24,17
NEWDIRECTORY
 9
NEWDISKREF
 10
NEWFILE
 8
NEWFILENAME
 9
NEWID
 10
NEWLINE
 105,52,87,8
NEWNAME
 82,16,12
NEWPARTREF
 10
NEWSIZEMB
 10
NEWVALUE
 15
NEWVARIANT
 29
NEXT
 42,59,50,109,79,76,67,65,39,27
NN
 24
NNN
 24
NO
 10,18,8,65,60,46,43,41,16
NON
 121,89,88,86,85,82,76,74,60,54,49,38,31
NON-BINARY
 76
NON-PARSED
 38
NON-ZERO
 121,89,88,86,85,82,74,60,54,49,31
NONE
 8,119,101,93,92,57,18,14,12
NOR
 42
NORMAL
 10,18,5
NORMALLY
 16,5
NOT
 49,13,66,29,105,92,76,45,42,21,19,16,11,10,8,87,80,65,64,59,54,52,50,25,23,17,14,12,9,7,3
NOTE
 11,42,23,13,10,105,94,87,76,72,65,64,62,59,54,52,50,49,45,26,25,19,17,15,14,9
NOTED
 6
NOTES
 7,6
NOW
 13
NT
 11,49,16,3
NT-BASED
 3
NTFS
 10
NTFS,11
 10
NUM
 49,60
NUMBER
 49,10,60,77,13,95,42,109,97,92,84,80,79,75,73,71,70,69,61,52,50,32,29,27,5
NUMBERS
 80
NUMERIC
 14,67,62,45,29,12
NUMSECTORS
 10
NUM_SECONDS
 18
N][/L][/W][/FAT32][/BLOCKSIZE
 10
N][/S
 10
N][/W][/BS
 10
