T
 57,92,67,24,18,13,8
T.ERRNO
 57
TAB
 24
TABLE
 49,6
TABLES
 7,6
TAKE
 79
TAKEN
 59
TAKES
 50,22
TARGET
 16,118,56,13,10
TARGETDIR
 8,9
TARGETED
 54
TARGETFILE
 10,8
TARGETKEYNUM
 12
TARGETWINDDIR
 16
TARGETWINDIR
 16
TARGET\KEY
 118,56
TASKS
 3,21,11
TBOS
 18
TBOSDT
 5,4,97,18,3,11,6,19,12,7,16,10,99,98,17,14,13,8,2,1
TBOSDT_KEY
 99
TBOSDT_USER
 98
TBOST
 17
TBS
 18,5,38,4
TBSAPPPATH
 34
TBSCRIPT
 26,21,19,4,18,105,45,25,23,22,20,5,1
TBSENV
 105,34
TBSVER
 54,29,81,76,63,45,41,37,34
TE
 69
TEMP
 65
TERABYTE
 20,2,49,11,1,3
TERABYTE.ISO
 11
TERM
 26
TERMINAL
 16
TERMINATE
 5
TERMINATES
 110,5
TERMS
 26
TEST
 15,11,78,73,23,9,120,93,84,79,76,69,56,55,51,36,35,24
TEST.HIV
 93,56,55,51,36,35
TEST1
 96
TEST2
 96,9
TESTFILE
 77
TESTING
 19
TESTVALUE
 119,93
TEXT
 103,109,76,9,79,8,121,108,105,112,111,110,106,104,102,101,81,33,22,13,12,7,5,4
TEXTLINE
 9,13,8
THAN
 25,78,42,84,69,49,41,12,11,10,9
THAT
 13,11,19,76,49,5,87,83,52,50,10,62,60,34,22,15,7,105,79,78,77,64,54,41,40,27,26,24,23,21,17,6,3
THD
 10
THE
 13,11,19,15,5,49,10,17,16,18,77,41,42,76,94,72,50,9,4,27,54,29,103,83,38,22,105,92,30,23,7,6,59,34,12,91,73,52,45,14,108,87,84,79,69,57,25,3,121,97,81,65,64,60,47,33,28,24,119,117,114,112,111,110,109,106,104,95,93,89,78,62,55,43,35,32,26,21,102,101,90,75,67,66,63,61,58,53,48,44,37,31,118,116,115,107,99,98,96,88,80,71,70,56,51,46,36,8
THEIR
 34,15,13,9
THEM
 10,47,11
THEN
 62,13,15,11,29,10,5,105,92,84,78,77,76,69,66,65,60,57,54,52,45,42,41,39,38,37,25,17,4
THERE
 105,76,41,34,19,13,11,6
THEREFORE
 13
THESE
 11,41,10,105,79,23,19,6,4
THEY
 10,58,34,22,19,15,5
THINGS
 87
THIRD
 78
THIS
 23,29,24,76,59,37,13,105,97,92,91,77,42,22,17,16,11,5,121,120,110,109,99,98,89,88,87,86,85,82,81,74,66,63,57,47,43,31,26,19,15,14,12,10,9,7,6
THISDIR
 9
THOSE
 13,108,10,7
THREAD
 54
THREADS
 54
THREE
 24
THROUGH
 12,10,41,13,27,11
TI
 103
TID
 10
TIME
 45,53,91,77,41,13,42,3
TIMEOUT
 50,92,57,18
TIMES
 42,22
TO
 13,11,10,19,5,18,15,17,94,72,16,76,42,9,41,37,29,109,87,38,25,121,105,92,77,34,4,108,83,79,59,57,49,27,22,21,7,119,114,102,93,84,80,69,66,62,35,30,12,3,120,118,117,115,107,104,95,91,90,89,88,81,78,73,67,65,64,63,60,58,56,55,54,52,45,39,36,31,24,23
TO/FROM
 10
TOGETHER
 94,72
TOOL
 2,3,1
TOP
 4,112,103,33
TOP-LEVEL
 4
TOTAL
 49,10,77
TRACK
 10,49,11
TRANSLATE
 87,76
TRANSLATION
 8
TREAT
 10,12
TREATS
 76
TRUE
 62,25,120,89,23
TRUNC
 76
TRUNCATE
 76
TRY
 10
TS
 16
TURN
 37
TWO
 22,24,54,19,10,5
TX
 109,105
TXASCII
 100
TXASCII(0
 100
TXCURSORTYPE
 101
TXCURSORTYPE(0
 101
TXGETBLOCK
 102
TXGETBLOCK(X1
 102
TXGETINFO
 103
TXGOTOXY
 104
TXGOTOXY(X,Y
 104
TXINIT
 105,110,109,52
TXMODE
 106
TXOUTCH
 107
TXOUTCH(C
 107
TXPUTBLOCK
 108
TXPUTBLOCK(B
 108
TXSETATTR
 109
TXSETATTR(0X1F
 109
TXT
 9,77,76
TXTERM
 110,109
TXWHEREX
 111
TXWHEREY
 112
TXWHEREY(S
 112
TYPE
 10,29,49,4,117,67,55,19,18,119,118,105,93,79,56,34,16,15,13,8,5
TYPED
 23,21
TYPES
 21,11,119,93,29,3
TYPICALLY
 19,17,11
TYPING
 4
